5.48734 -4.529481 -12.57795 

1.523185 3.530058 0.4267247 

-5.504795 1.571469 0.2282409 

2.30109 -2.192151 -23.33837 

5.681172 -1.658917 0.4199894 

16.71791 -6.860022 2.175243 

-17.8077 8.071176 -3.9393 

-1.19689 -3.370892 3.987904 

-6.543618 -0.8919849 7.18602 

-3.018811 -1.903142 -4.103464 

5.377438 3.600893 9.361456 

3.593009 3.107351 10.73201 

-1.030601 5.533342 0.5453191 

-3.891134 1.397994 -6.432827 

-8.240606 1.908393 3.243781 

2.517534 -6.474342 -0.7212285 2.780472 3.178105 2.090871 -4.688994 1.006965 7.604116 -1.177891 -1.84255 -2.675549 0.944624 -2.50383 -3.01347 

6.206175 1.847758 -3.590663 15.3006 4.114219 0.9166946 -5.556135 -1.859086 -8.069514 3.141415 -7.573479 -2.648442 4.356 -3.971473 4.028323 

-2.695671 1.768582 -5.034337 11.08373 7.69884 7.195147 0.2005014 0.5019777 -3.576339 8.599585 -3.581253 1.817756 -2.548173 2.152864 -2.333893 

-10.04919 -4.113745 2.250549 -3.152872 -1.34442 -5.983146 6.56821 0.1795198 4.667586 -4.41266 0.6740645 1.121708 0.4643673 1.905247 -0.5339168 

-2.795881 -3.46026 4.160196 -5.645817 -0.08120551 -4.36085 4.326995 2.296316 3.006361 -1.435584 -1.626383 3.269227 3.087269 -1.698947 0.4433237 

-4.248991 -3.148742 2.525949 -5.656132 -3.22049 -0.4580205 -0.3636693 -0.7255948 0.4815876 -2.62958 3.412937 0.1595368 1.310738 0.5856637 4.233481 

1.341079 7.461415 -5.912536 11.23986 4.309846 7.28066 -4.104265 -1.196096 -3.114778 11.37157 -3.521314 1.207734 -4.694137 3.94474 -6.677414 

7.49655 -2.201215 -1.753963 5.804173 0.781643 1.308892 -1.38445 -0.8976547 -0.8220813 -1.364538 -0.725264 -4.380692 1.392257 0.3542141 -6.353415 

-1.064932 3.473272 0.2780478 -1.245342 -3.638469 0.08055128 6.130197 -1.127157 -7.99336 1.447292 1.605011 2.767834 -0.8076501 1.629704 3.593491 

9.210501 4.328977 -3.626979 4.418882 -3.18237 4.711456 -1.717487 -3.214332 -4.300792 1.852294 -0.6854854 0.3314557 -4.963981 -0.7637622 -4.903215 

2.654314 -3.109237 2.578168 10.29158 4.022851 6.232277 -15.26743 -0.5599198 7.746146 2.519935 -4.973559 -0.02732456 2.170575 -0.1415485 -3.735806 

-0.8071311 5.325987 -2.44409 9.641359 -0.6564357 6.50943 -1.724001 -2.352475 -5.785713 3.864646 -1.697909 -2.286846 0.7838838 6.190901 -1.537398 

-1.776485 1.017456 1.035223 -0.5249791 -6.423549 -6.626972 13.83726 4.890826 -7.945413 -2.585124 3.93439 6.357971 -1.963657 -5.126227 4.469368 

0.4215564 1.728672 8.08317 -9.774211 0.06723901 -0.06134185 2.598387 -1.582852 -3.785296 3.443182 -1.013019 2.759146 -3.340394 -0.6289091 -3.630012 

-1.322366 3.282797 2.082097 -0.5922875 -2.383219 -5.433395 5.488237 -1.5314 -8.896738 0.7798672 2.472118 3.387917 -0.3519402 -0.3420486 4.100264 

0.9963173 0.001078733 -0.004913731 -0.003425461 0.2385212 0.7541577 -0.2005447 -0.1032367 4.776937 1.296924 0.8472404 -0.008837418 0.85466 -0.001822352 -3.78251 

-0.3869262 1.17565 -4.385431 0.0004016514 0.01123721 0.05237441 1.74524 2.303872 -4.232466 -0.6909106 0.02220939 0.9257659 0.01712345 1.006881 3.852262 

-0.002337989 0.0002794144 -0.008761181 -0.001197875 0.001662963 -2.780508 0.009031888 -2.778171 -0.6905219 0.001637877 -1.281993 -0.001326615 0.0009050633 -0.001645264 -0.5920097 

2.987664 1.361583 -0.1717792 -3.816864 1.960147 0.9295776 1.204416 -0.8103586 -0.03105779 -2.567499 1.799049 1.588668 0.3883033 1.411759 1.489166 